start=167.418000
volume=130.000000
sid=no
