start=1322.121000
pause=yes
volume=130.000000
sid=2
