start=1372.204000
volume=70.000000
