start=586.280000
volume=98.000000
