start=1080.267000
panscan=0.000000
