start=938.360000
panscan=0.000000
