start=73.600000
sub-delay=-0.100000
sub-pos=98
