start=847.413000
volume=130.000000
