start=278.595122
pause=no
volume=130.000000
