start=850.893758
panscan=0.000000
