start=724.600000
speed=1.030726
