start=355.622000
pause=yes
sub-delay=0.200000
