start=734.279250
fullscreen=yes
panscan=0.900000
