start=644.367000
volume=102.000000
