start=595.483000
panscan=0.000000
