start=719.100000
panscan=0.000000
