start=88.866333
fullscreen=yes
panscan=0.000000
