start=105.105000
panscan=0.000000
