start=518.100000
panscan=0.900000
