start=680.550000
volume=104.000000
panscan=0.000000
