start=285.900000
panscan=0.000000
