start=1146.566000
panscan=0.000000
