start=387.533000
panscan=0.000000
