start=982.031000
volume=130.000000
