start=394.350000
panscan=0.000000
