start=681.305000
panscan=0.000000
