start=1092.050000
panscan=0.000000
