start=843.240000
panscan=0.000000
