start=455.100000
volume=130.000000
