start=87.871000
fullscreen=yes
panscan=0.900000
