start=89.689000
pause=yes
panscan=0.000000
sub-delay=0.100000
