start=79.667000
sub-delay=-0.200000
