start=72.094000
deinterlace=yes
panscan=0.000000
