start=13.096417
ab-loop-a=1.334667
