start=799.534000
panscan=0.000000
