start=711.060500
deinterlace=yes
panscan=0.900000
