start=978.311000
volume=130.000000
