start=1615.288167
panscan=0.000000
