start=422.422000
pause=yes
panscan=0.000000
