start=1191.483000
panscan=0.000000
