start=3560.974000
sid=no
ab-loop-a=1497.162000
