start=39.240000
volume=40.000000
