start=1599.097000
panscan=0.000000
