start=50.016000
panscan=0.000000
