start=82.700000
volume=65.000000
