start=710.084000
panscan=0.000000
