start=1034.868000
panscan=0.000000
