start=505.100000
pause=yes
panscan=0.000000
