start=388.067000
volume=130.000000
fullscreen=yes
