start=1321.287000
volume=130.000000
sid=2
