start=403.804000
volume=130.000000
