start=1758.034000
pause=yes
panscan=0.000000
