start=193.485000
panscan=0.000000
