start=103.866667
panscan=0.000000
sub-visibility=no
