start=10.166000
pause=yes
panscan=0.000000
