start=630.834000
panscan=0.000000
