start=529.466000
fullscreen=yes
panscan=0.000000
