start=349.316000
volume=130.000000
