start=865.066000
panscan=0.000000
