start=466.166000
fullscreen=yes
panscan=0.400000
sub-delay=0.200000
sub-visibility=no
