start=1066.700000
panscan=0.000000
