start=570.517000
pause=yes
panscan=0.000000
