start=182.209900
panscan=0.000000
