start=1266.265000
volume=130.000000
fullscreen=yes
sid=2
