start=934.866667
panscan=0.000000
