start=10.900000
panscan=0.000000
