start=134.800000
panscan=0.900000
