start=135.800000
volume=90.000000
