start=837.673698
panscan=0.000000
