start=638.234000
panscan=0.000000
