start=181.233000
panscan=0.000000
