start=1712.433000
panscan=0.000000
