start=352.619000
panscan=0.000000
