start=440.467000
panscan=0.000000
