start=84.000000
ab-loop-a=81.500000
