start=813.581434
panscan=0.000000
