start=216.267000
panscan=0.100000
