start=363.750000
fullscreen=yes
panscan=0.000000
