volume=60.000000
sub-delay=0.100000
