start=115.566667
pause=yes
volume=50.000000
panscan=0.000000
