start=885.785000
panscan=0.000000
