start=106.333000
volume=40.000000
