start=641.833000
volume=108.000000
sub-delay=0.200000
sub-visibility=no
