start=141.541000
speed=1.004297
