start=802.051000
panscan=0.000000
