start=1075.367000
panscan=0.000000
sub-visibility=no
