start=502.300000
ab-loop-a=436.800000
