start=298.000000
volume=130.000000
