start=510.950000
panscan=0.000000
