start=564.833000
pause=yes
panscan=0.000000
