start=655.789000
volume=84.000000
deinterlace=yes
