start=455.649500
osd-level=3
volume=108.000000
brightness=1
contrast=6
saturation=1
deinterlace=yes
panscan=0.800000
sub-delay=0.100000
