start=838.867000
volume=98.000000
