start=753.067000
panscan=0.000000
