start=1017.784451
panscan=0.000000
sub-delay=0.100000
