start=495.534000
pause=yes
panscan=0.000000
