start=583.467000
pause=yes
volume=55.000000
