start=869.917000
panscan=0.000000
