start=1304.886917
volume=130.000000
sid=no
