start=313.613000
panscan=0.000000
