start=1873.138000
panscan=0.000000
