start=1300.733000
panscan=0.000000
