start=417.284000
volume=130.000000
