start=590.200000
panscan=0.000000
