start=969.600000
panscan=0.000000
