start=780.266667
panscan=0.000000
