start=606.274208
pause=no
volume=104.000000
