start=88.655000
sub-delay=0.300000
