start=612.533000
panscan=0.000000
