start=233.580000
panscan=0.000000
