volume=130.000000
panscan=0.500000
