start=420.367000
panscan=0.000000
