start=1451.517000
volume=130.000000
panscan=0.000000
