start=390.690000
pause=yes
ab-loop-a=263.863000
