start=180.914000
volume=130.000000
