start=604.237000
pause=yes
panscan=0.000000
