start=1331.330000
speed=0.995704
volume=108.000000
