start=453.300000
panscan=0.000000
