start=4750.416667
volume=130.000000
