start=755.533000
pause=yes
panscan=0.000000
