start=86.600000
panscan=0.700000
sub-delay=0.200000
