start=515.567000
pause=yes
panscan=0.000000
