start=612.734000
panscan=0.000000
