start=694.444000
pause=yes
panscan=0.000000
