start=948.967000
panscan=0.000000
