start=1222.788000
volume=130.000000
