start=169.300970
volume=108.000000
