start=940.733000
panscan=0.000000
