start=207.680000
panscan=0.000000
