start=107.567000
panscan=0.000000
