start=518.300000
panscan=0.000000
sub-visibility=no
