start=950.334000
panscan=0.000000
