start=723.434000
panscan=0.000000
