start=3718.033000
panscan=0.000000
sub-visibility=no
