start=903.898153
panscan=0.000000
