start=1306.305000
panscan=0.000000
