start=345.500000
panscan=0.000000
