start=3377.374000
volume=130.000000
panscan=0.000000
