start=756.116667
panscan=0.000000
