start=742.608000
volume=106.000000
