start=18.885000
pause=yes
panscan=1.000000
sub-pos=73
