start=703.566000
panscan=0.000000
sid=no
