start=940.789850
panscan=0.000000
