start=1101.920000
volume=90.000000
