start=1388.085763
ab-loop-a=1386.114819
