start=368.469000
pause=yes
panscan=0.900000
