start=1005.300000
panscan=0.000000
