start=363.500000
volume=55.000000
