start=486.400000
pause=yes
sub-delay=-0.000000
